39336.16104 25549 184375 190460 1042054 2934 -3301 -2136 -2.2 0 0 36542 1005512 2934 12686 -0.162 0 2109 11861 9752 6235 0 0 2934 0 -3301 0 -1332 61712 0 0 0 0 0 0 0 727 24308 0 
29029.477739 20638 74014 35747 659216 4308 1205 870 1.54 0 0 21733 637483 4308 14739 -3.578 0 479 10910 10431 3103 0 0 4308 0 1205 0 318 7048 0 0 0 0 0 0 0 0 5658 0 
5139.595314 4815.573 19973.147 22373.868 37161.125 128.876 58.831 37.013 0.07 11.48 27.93 4815.573 32345.552 174.983 311.558 -0.003 128.876 104.938 287.62 182.682 70.045 23.938 -3.5 132.376 0 62.331 0 25.205 109.294 5570.103 8690.018 17.628 22234.529 105.099 22129.43 121.711 242.212 1709.641 19322.569 
217.52946682 601.490013123 7378.79980469 4359.13085938 8435.8515625 31.1680036467 13.2610040586 -128.001998901 -2.38000011444 6 10 601.490013123 7834.36180821 31.167999 108.875999451 0 0 27.9830036163 105.691003799 77.7080001831 17.906999588 0 182.199996948 -151.031993302 0 -168.938995361 0 -40.9370002747 83.4140014648 2846.60498047 1002.50299072 4345 14.1309995651 0 0 0 191.279998779 0 7134.57104492 
36.3809008 242.475 4369.682 3600.357 5298.341 43.857 4.416 -30.398 -1.34 6.07 8.69 242.475 5055.866 43.856998 75.269 0 43.857 22.466 53.878 31.412 39.441 21.391 62.743 -18.886 0 -58.327 0 -27.929 83.887 408.354 958.35 2804.631 786.051 0 427.657 9.675 165.577 172.293 3850.654 
8.180181625 -148.612 2055.049 1853.486 2412.379 27.049 -6.972 -15.149 -0.652452 8.03 9.33 -46.622 2459.001 0 35.974 0 27.049 15.205 24.13 8.925 34.021 11.844 4.66 22.389 0 -11.632 1.979 0.01 55.615 135.665 287.117 825.225 996.778 0 554.917 31.483 83.761 89.848 1793.364 
583.51320048 803.82 7187.839 12620.296 15046.271 83.043 33.855 6.257 0.26 7.8 15.4 811.966 14234.305 83.042999 250.593 0 0 80.478 248.028 167.55 49.188 0 19.1 63.943 5 9.755 5 3.357 54.502 458.433 1584.001 1254.416 11365.88 0 0 0 58.623 46.099 6747.888 
5.35313727 -137.274 1660.686 1285.263 1749.457 20.788 -2.947 -5.673 -0.14 -10.79 -10.79 -141.784 1891.241 0 24.837 0 20.788 15.336 19.385 4.049 23.735 5.452 0.462 20.326 2.746 -6.155 0 0.048 51.388 319.295 28.476 997.199 284.54 0 274.389 3.524 66.185 0 1300.434 
103.8863275 81.41 1935.652 2008.071 2483.279 24.556 7.932 -57.686 -1.65 6.07 10.36 113.025 2370.254 24.556 49.34 0 0 23.331 48.115 24.784 16.624 0 35.7 -11.144 41.126 -68.894 40.771 -11.873 83.537 0 321.814 1835.618 169.181 0 0 3.272 48.849 0 1618.747 
10.76418534 39.865 1187.318 1213.033 1402.343 4.708 -7.094 -58.651 -4.58 2.94 5.33 43.836 1358.507 11.511 20.111 0 0 1.265 16.668 15.403 11.802 0 31.494 -26.786 0 -38.588 0 26.76 10.161 58.506 107.317 990.175 222.858 0 0 0 42.063 0 1083.351 
484.51509697 346.475990295 2631.96411133 4005.52807617 5537.3671875 24.0339975357 7.56499767303 -4.01199996471 0.230000004172 7.21999979019 10.1499996185 432.725990295 5104.64112473 24.034 82.3280029297 0 0 23.5039978027 81.797996521 58.2939987183 16.4689998627 0 1.69299995899 22.3409975767 9.59000015259 -3.71799993515 9.59000015259 -1.32299995422 86.7829971313 0 1132.09397888 1753.875 2251.65307617 0 0 0 11.670999527 0 2466.52490234 
1.99488784 15.612 433.038 363.274 517.41 5.39 0.662 -0.613 -0.05 15.64 16.92 66.612 450.798 0 6.647 0 0 5.121 6.378 1.257 4.728 0 1.61 3.78 -0.335 -0.613 -0.335 0 41.502 0 111.355 285.561 77.713 0 0 0 15.461 0.529 379.172 
59.5240308 70.316657 561.135501 654.915677 996.499578 8.764192 1.83847 0.67947 0.07 9.37 10.42 70.316657 926.182921 5.215 17.492188 0 0 5.215198 13.943194 8.727996 6.925722 0 0.9 7.864192 0 0.93847 -0.082 0.259 3.76483 9.046332 293.705595 462.973371 191.871077 0 0 0.071229 8.875478 9.812069 553.81143 
42.6721218538 28.4909995794 386.738006592 370.678009033 464.312988281 3.51799953729 0.882999546826 0.0520000010729 0.00999999977648 9.80000019073 11.1000003815 28.4909995794 435.822005987 3.518 8.39000034332 -0.43 0 3.02699953318 7.89899975061 4.87200021744 2.63499999046 0 0.97000002861 2.54799950868 0 -0.0869999974966 0 -0.138999998569 6.25699996948 1.63699996471 72.6109974384 282.970001221 87.7080001831 0 0 0 5.77099990845 0 358.695991516 
92.0330838625 469.749 4782.892 6614.007 8369.005 85.539 10.278 -14.792 -2.22002 11.7 12.9 821.831 7547.174 0 119.543 0 85.993 60.74 94.744 34.004 75.261 25.253 18.723 66.816 0 -8.445 0.454 3.932 573.447 0 434.551 0 0 0 0 0 125.29 0 0 
38.34216 150.147 2129.972 2318.815 2465.141 22.092 7.737 -10.685 -0.01 8.1 11.3 150.147 2314.994 0 36.269 0 0 19.972 34.149 14.177 14.355 0 27.416 -5.324 0 -19.679 0 -8.994 19.192 44.348 31.284 882.088 1434.126 0 0 2.601 61.336 0 1711.444 
209.93314484 141.727 1675.265 1494.681 2108.739 22.931 1.745 -14.23 -1.21 8.21 10.26 141.727 1967.012 22.93 38.688 0 0 20.885 36.642 15.757 21.186 0 25.158 -2.227 1.402 -24.815 1.405 -10.585 66.708 17.265 378.499 1370.179 101.947 0 0 22.555 35.8 0 1364.643 
139.687015572 148.107995987 637.471008301 1001.83001709 1500.11401367 7.93299889565 4.58799886703 -6.62799978256 -0.180000007153 15.7899999619 17.0499992371 148.107995987 1352.00601387 0 25.5499992371 0 0 7.17299890518 24.789999485 17.6170005798 3.34500002861 0 12.3280000687 -4.39500117302 3.47199988365 -11.2119996548 3.05399990082 -4.58400011063 12.9639997482 0 462.505008698 969.418029785 16.9379997253 0 0 15.4739999771 21.8819999695 39.9739990234 636.584990978 
335.3590625 384.416992188 2826.26708984 2220.375 4468.85107422 57.8549995422 -13.6609992981 -10.9510002136 -0.239999994636 6.82999992371 10.3100004196 385.029992163 4083.8210907 27.858 96.8720016479 0 0 27.8579998016 66.8749980927 39.016998291 71.5159988403 0 3.0569999218 54.7979996204 0 -16.718000412 0 -5.76700019836 151.60899353 26.5990009308 1635.74803925 0 1801.43798828 0 0 418.937011719 28.3020000458 62.9630012512 2524.89697266 
30677.3991497 23449 194280 237132 330110 3393 1202 178 0.2 5.86 10.67 26886 303224 3393 6235 0 0 2014 4856 2842 2191 0 967 2426 0 235 0 -4 11370 4042 42597 43141 193991 0 0 0 1889 0 162939 
23.94796775 258.742 4907.356 6581.606 7450.586 44.591 128.68 -244.773 -9.7 5.35 11.26 258.742 7191.844 44.591 100.757 0 0 39.561 95.727 56.166 -84.089 0 220 -175.409 112.3 -203.62 112.3 41.153 391.469 0 478.702 2168.706 4412.9 0 0 0 326.92 266.04 1077.694 
7.18895058 -3.458 833.214 661.162 929.181 8.041 -3.533 -18.59 -1.99 -1 -1 -6.035 935.216 0 12.707 0 0 5.836 10.502 4.666 11.574 0 12.267 -4.226 2.8 -18.6 2.8 2.17 10.585 86.963 120.248 419.019 242.143 0 0 0 28.199 2.295 721.473 
53.0181982875 53.0510005951 629.385986328 560.861022949 825.064025879 8.59400060773 0.905000478029 0.651000022888 0.180000007153 8.81000041962 10.3500003815 53.0510005951 772.012983799 8.594 15.2069997787 0 0 6.58400058746 13.1970005035 6.61299991608 7.6890001297 0 0.307999998331 8.2860006094 0 0.597000002861 0 -0.0540000014007 20.2579994202 9.92599964142 175.341007233 472.151000977 87.7170028687 0 0 0.992999970913 5.98699998856 11.9779996872 442.02999115 
50.0711465 208.942 2330.869 2735.697 3245.382 37.3 12.975 -7.005 -0.410522 8.35 12.67 278.238 2967.144 37.299999 52.644 0 37.3 25.558 40.902 15.344 24.325 11.742 22.5 14.8 0 -9.525 0.297 -3.611 34.869 28.595 311.511 1303.184 1146.753 336.045 785.645 285.76 50.643 19.274 2094.491 
892.23228094 2421.992 18349.165 15468.832 26031.291 230.147 70.641 -8.956 -0.03 10.12 14.16 2715.05 23316.241 230.147003 403.463 0 0 174.424 347.74 173.316 159.506 0 79 151.147 4.661 -13.02 4.661 -9.4 451.281 2295.456 5438.582 12434.077 3034.755 0 0 0 247.009 240.336 15437.094 
272.40454071 326.281005859 3246.53393555 4030.22412109 4373.875 39.3370023966 9.22200262547 -14.6829996109 -0.649999976158 8.61999988556 11.3000001907 326.281005859 4047.59396553 39.337002 79.9639968872 0 0 34.2280025482 74.8550014496 40.6269989014 30.1149997711 0 35 4.33700239658 0 -25.7779998779 0 -11.095000267 61.5589981079 0 212.002994537 2265.99389648 1764.22998047 0 0 0 72.8450012207 0 3246.53393555 
13.5941083164 28.7369995117 883.658996582 740.276977539 1092.02099609 7.89399985224 -0.479000292718 -15.5799999237 -1.75 6.46000003815 7.67000007629 28.7379995118 1063.28299952 0 14.8380002975 0 0 6.92599987984 13.8699996471 6.9439997673 8.37300014496 0 11.1000003815 -3.20600052923 2.95000004768 -14.5290005207 2.95000004768 1.05099999905 11.0629997253 0 265.936992645 575 163.376998901 0 0 1.89999997616 17.4009990692 0 839.145019531 
102.319729242 53.6590003967 612.085021973 625.802001953 756.130981445 8.7410004288 2.87000061572 1.77300000191 0.34999999404 11.5 15.4200000763 53.6590003967 702.472023651 0 13.8100004196 0 0 7.45600044727 12.5250002146 5.0689997673 5.87099981308 0 0.199000000954 8.54200042784 0 2.67100000381 0 0.898000001907 24.1420001984 45.2840003967 31.789000988 444.731994629 174.725997925 0 0 6.34399986267 5.757999897 0 514.744995117 
20.9579955 219.67 2538.49 2559.257 3569.199 28.35 3.18 -77.757 -2.728556 7.2 9 219.671 3349.528 28.35 47.957 0 28.35 21.055 40.662 19.607 25.17 7.295 20 8.35 0 -16.82 2.399 59.647 36.965 160.538 662.93 2217.78 341.477 225.789 110.735 0 63.893 14.753 2202.143 
6.971265 19.605 1505.54 1270.299 1655.553 17.341 -14.963 -17.669 -1.03 1.01 2.02 19.605 1635.948 0 23.778 0 0 13.887 20.324 6.437 32.304 0 15.85 1.491 0.016 -30.829 0.016 -13.16 38.553 163.033 65.818 1069.547 200.752 0 0 0 38.999 0 1199.544 
28.79596227 195.178 2043.045 1234.778 2627.577 19.876 -1.15 -8.694 -0.75 9.7 10.6 195.178 2432.399 17.075001 28.078 0 0 17.034 25.236 8.202 21.026 0 10.106 9.77 2.801 -14.057 2.801 -5.363 568.581 0.351 729.903 1089.922 144.856 0 0 0 27.254 0 2005.442 
25.6592368603 28.1339035034 256.946258545 249.109359741 329.937255859 2.51991297444 0.892200963106 0.0239289999008 0.00999999977648 12.9899997711 14.2399997711 28.1339035034 301.803335667 0 6.225897789 0 0 2.3928719759 6.09885704517 3.70598506927 1.62771201134 0 0.911966025829 1.60794694861 0 -0.0197650007904 0 -0.0436940006912 2.83446288109 8.9222869873 57.9070804119 0 0 0 0 0 3.67181992531 0 245.653198242 
116.1020261 259.108 3165.871 4651.506 5259.424 54.067 -16.262 -54.43 -1.79 6.8 10.8 273.549 4985.875 51.742001 106.351 0 0 48.218 100.502 52.284 70.329 0 58.033 -3.966 2.325 -76.62 2.325 -22.19 250.415 27.018 170.069 3107.604 1543.902 0 0 0 231.802 9.825 2840.195 
