18290.8903155 11398 141031 134946 667543 -13427 -19866 -15983 -9.01 0 0 20003 647540 -12551 -9832 -0.162 0 1373 4968 3595 6439 0 0 -13427 2302 -22168 2302 -6340 68403 0 0 0 0 0 0 0 2215 23622 0 
20345.068142 19283 86606 37485 639432 -668 -4087 -2873 -5.14 10.7 16.1 26276 613156 -668 6240 -3.578 0 863 7771 6908 3419 0 0 -668 0 -4087 0 -1313 6513 0 0 0 0 0 0 0 0 4922 0 
5231.7513612 4821.745 18174.139 19872.33 35417.458 125.154 58.704 35.657 0.070309 34.77 36.03 4821.745 30595.713 125.154 299.807 -0.003 125.154 56.556 231.209 174.653 66.45 68.598 0 125.154 0 58.704 0.239 23.047 102.957 6599.793 8400.816 158.015 19607.414 165.749 19441.665 106.901 225.573 1704.412 17470.681 
15.0392704 -520.364 7059.445 3682.69 7064.426 -18.233 -153.683 -497.652 -9.27 -10 -10 -520.364 7584.79 0 40.869 0 -18.233 -20.995 38.107 59.102 135.45 2.762 343.969 -362.202 0 -497.652 0 0 62.257 794.223 2079.519 3667.69 15 0 15 0 259.652 0 6853.264 
28.64780928 36.007 3406.28 2647.755 3777.23 35.061 -6.783 -26.266 -1.159721 2.27 4.53 36.007 3741.223 0 59.681 0 35.061 16.272 40.892 24.62 41.844 18.789 50.16 -15.099 0 -56.943 -0.7 -30.677 56.851 409.459 482.443 1707.195 445.362 190.579 125.88 495.198 145.022 164.929 2906.316 
0.06335 201.037 1943.144 1658.978 2191.001 158.491 113.259 212.109 10.73046 14.99 16.3 201.037 1989.964 0 163.538 0 158.491 15.812 20.859 5.047 45.232 142.679 0 158.491 0 113.259 15.683 0.009 36.687 115.841 317.997 742.229 912.178 0 535.907 4.571 71.853 0 1692.894 
34.23006144 566.508 7679.298 12291.779 14119.511 40.361 -16.273 -117.847 -2.89 7.6 13.9 575.639 13543.872 65.504997 179.319 0 0 58.601 197.559 138.958 56.634 0 130 -89.639 0 -146.273 25.14 -28.577 69.155 387.959 1124.368 1314.963 10976.816 0 0 0 309.645 46.055 7278.073 
0.699966143 -125.631 1161.011 905.728 1232.7 14.559 -0.55 9.3 0.27 -14.83 -14.83 -136.678 1369.378 0 16.454 0 14.559 11.575 13.47 1.895 15.109 2.984 -12.196 26.755 0.755 10.891 0 0 27.034 232.316 23.523 713.07 188.73 0 182.626 3.928 37.204 0 918.818 
12.3674726486 -29.0890045166 1620.62402344 1802.86499023 2098.74194336 12.0950006321 -6.51100026816 -28.5590000153 -2.73000001907 8.19999980927 9.47999954224 2.52599525452 2096.21601295 12.095 32.7420005798 0 0 11.2350006104 31.8819999695 20.6469993591 18.6060009003 0 21.3619995117 -9.26699887961 3.25500011444 -31.1279993057 3.25500011444 -2.56900000572 62.8940010071 27 155.092000961 1658.6159668 144.082000732 0 0 0.166999995708 63.7910003662 0 1477.38600159 
0.70632639 0.00399999999999 0 0 4.399 0 0 -0.627 -0.04 0 0 3.975 0.424 0 0 0 0 0 0 0 0.452 0 0 0 0 -0.452 0 0 0.209 0 0.076 0 0 0 0 0 0 0 0 
233.4126112 391.914 2883.477 4027.703 5746.641 35.275 15.839 7.549 0.32 7.24 10.52 478.164 5268.477 37.609001 94.128 0 0 27.378 86.231 58.853 19.436 0 2.539 32.736 -0.38 13.68 -0.38 4.514 93.233 108.124 1023.221 1984.962 2042.741 0 0 0 16.825 0 2590.502 
4.533836 16.081 412.411 330.72 494.829 4.871 -1.128 0.941 0.05 17.27 18.55 67.081 427.748 0 5.727 0 0 4.614 5.47 0.856 5.999 0 -2.728 7.599 0.609 0.991 0.609 0.05 65.836 0 95.142 257.141 73.579 0 0 0 12.208 0.529 354.349 
5.66946772099 58.271999836 672.697998047 678.377990723 1061.57995605 10.0663938522 3.60861587524 -7.17944812775 -0.920000016689 7.71000003815 9.59000015259 58.271999836 1003.30799961 6.385 18.2578525543 0 0 3.48367595673 11.6751337051 8.19145774841 6.45777797699 0 15.7054777145 -5.6390838623 0 -12.0968618393 0 -4.91741418839 80.3560028076 17.7709999084 231.763000488 0 0 0 0 0 15.0329999924 9.82699966431 657.667022705 
23.0122918749 20.9520001411 413.286987305 398.415985107 491.157012939 2.96900035441 -0.813999637961 -4.54300022125 -1.04999995232 6.88000011444 8.14999961853 20.9520001411 470.204986572 2.969 7.3140001297 -0.43 0 2.54700034857 6.89200013876 4.34499979019 3.78299999237 0 6.00500011444 -3.03599976003 0.745999991894 -7.5649997592 0.745999991894 -3.02200007439 5.46500015259 6.03399991989 65.8459982872 0 0 0 0 0 11.8199996948 0 389.060005188 
1.24530707359 1.33399963379 20.8780002594 17.9370002747 28.8339996338 0.440999993123 -0.194999984466 -0.331999987364 -0.0299999993294 37.7000007629 38.9000015259 1.33399963379 27.5000002384 0 0.745999991894 0 0 0.178999994881 0.484000002034 0.305000007153 0.635999977589 0 0.136999994516 0.303999998607 0 -0.331999987364 0 0 5.89300012589 3.23600006104 0 5.5110001564 12.4060001373 0 0 0.019999999553 0.782000005245 0.375 17.3220003843 
104.11388136 383.24 4997.255 7138.001 8493.454 70.952 -23.304 -60.487 -8.578 9.7 11.3 735.322 7758.132 0 103.408 0 70.952 57.359 89.815 32.456 94.256 13.593 32.976 37.976 0 -61.271 2.371 -0.58 522.358 0 461.775 3373.556 2968.473 0 2949.033 397.986 130.916 0 0 
14.32156 22.491 1858.087 1987.61 2175.019 16.889 -1.119 -14.581 -1.23 1.38 2.76 22.491 2152.528 0 25.728 0 0 14.473 23.312 8.839 18.008 0 13.462 3.427 0 -14.581 0 0 27.124 35.008 35.178 1523.633 461.517 0 0 2.46 70.798 0 1417.925 
42.8303931427 73.8959994316 1429.44995117 1298.08398438 1873.20800781 22.2090012729 1.00700160861 -54.5629997253 -2.82999992371 5.5 8.75 73.8959994316 1799.3119545 22.209 32.4910011292 0 0 18.3810012341 28.6630008221 10.281999588 21.2019996643 0 11.5 10.7090012729 23.8619995117 -34.3549995422 23.8619995117 20.2080001831 51.8670005798 7.24499988556 399.871002197 619.809020996 678.275024414 0 0 0 35.3100013733 0 1179.20300293 
23.1081257629 127.882995605 667.489013672 909.153991699 1302.59997559 8.48599939141 6.85199944768 -11.8599996567 -0.5 15.5399999619 16.8299999237 127.882995605 1174.7169981 0 20.4440002441 0 0 7.6269993782 19.5849995613 11.9580001831 1.63399994373 0 22.8390007019 -14.3530013105 3.8710000515 -19.8580005169 3.8710000515 -7.99800014496 29.0219993591 0 348.562988281 887.33001709 21.8239994049 0 0 0 41.2159996033 39.9739990234 666.361000538 
245.836472778 229.006988525 2615.63598633 1787.13903809 3687.45288086 28.8929980546 -24.32500045 -86.3229980469 -0.0900000035763 4.82999992371 9.06999969482 229.916988552 3457.53599548 28.893 61.0519981384 0 0 13.8349983692 45.9939987659 32.1590003967 53.2179985046 0 2.0529999733 26.8399980813 45.9449996948 -72.3229999542 45.9449996948 -26.9130001068 607.599975586 22.7119998932 1051.50199509 0 0 0 0 0 28.0419998169 61.3959999084 0 
8407.34491921 22694 181923 239627 309731 2857 354 -3399 -3.47 0 13.93 30000 279731 0 4763 0 0 2296 4202 1906 2503 0 5913 -3056 -100 -5459 3190 -2206 7235 2750 32058 47396 192231 0 0 0 8456 0 150811 
5.74922282913 111.08 4524.487 5708.586 6150.613 50.526 24.005 -45.995 -3.36 4.25 8.91 111.08 6039.533 0 88.629 0 50.526 35.985 74.088 38.103 26.521 14.541 70 -19.474 0 -45.995 0 0 298.661 0 115.15 2021.213 3687.373 0 3656.816 0 244.048 266.04 0 
3.67265828812 -17.41 785.759 567.48 868.265 6.867 -3.85 -10.215 -1.15 -3.29 -3.29 -17.41 885.675 0 10.634 0 0 4.929 8.696 3.767 10.717 0 6.158 0.709 0.208 -10.216 0.208 -0.001 6.974 131.308 106.906 336.97 230.51 0 0 0 21.081 1.759 674.988 
8.2710367918 30.4200003147 577.710998535 550.637023926 765.887023926 8.08599995077 0.743999943137 -10.0220003128 -1.76999998093 6.07000017166 9.26000022888 30.4200003147 735.46700573 8.086 13.531999588 0 0 6.07399988174 11.5199999809 5.44600009918 7.34200000763 0 5.5640001297 2.52199982107 3.66400003433 -8.48400020599 3.66400003433 1.5379999876 13.359000206 1.49899995327 158.550003052 466.316986084 83.5520019531 0 0 0.768000006676 16.656999588 11.7189998627 431.386001587 
50.922168 182.634 2470.091 2568.744 3152.639 38.893 5.474 -13.965 -0.84 8.44 12.75 252.471 2900.168 38.893002 49.349 0 38.893 27.514 37.97 10.456 33.419 11.379 19 19.893 0 -13.526 0 -0.656 33.223 110.426 284.583 1272.591 1062.226 322.698 720.846 233.927 45.675 19.274 2204.326 
182.3336172 1283.367 20257.218 16919.628 26439.895 167.424 -11.309 -173.7 -0.837997 7.33 11.56 1576.425 24863.47 167.423996 334.348 0 167.424 117.812 284.736 166.924 178.733 49.612 257.22 -89.796 0 -268.529 8.157 -100.165 606.214 3491.847 3327.124 11212.164 2907.325 0 2505.246 2800.139 450 240.336 16859.224 
28.28157625 46.175 2380.249 3410.862 3723.661 24.827 -5.514 -67.849 -2.99 4.53 6.72 46.185 3677.476 0 51.983 0 0 19.416 46.572 27.156 30.341 0 62 -37.173 0.335 -67.849 0.335 0 141.452 0 120.722 1697.392 1713.47 0 0 0 98.384 0 1250 
3.31384005547 4.70399999619 780.969970703 568.473022461 903.052001953 6.86299994192 0.606999899959 0.0740000009537 0.0799999982119 0 0 4.70399999619 898.347967625 0 11.9110002518 0 0 5.28399991989 10.3319997787 5.04799985886 6.25600004196 0 0 6.86299994192 0.532999992371 0.0740000009537 0.532999992371 0 26.5349998474 0 0 0 0 0 0 0 22.7749996185 0 751.018005371 
187.912844658 73.8459968567 742.273010254 756.182983398 915.796020508 9.74500051141 3.01400056481 1.72300004959 0.330000013113 9.77999973297 13.3999996185 73.8459968567 841.950011194 0 17.2789993286 0 0 8.30400049686 15.8380004168 7.53399991989 6.73099994659 0 0.0790000036359 9.66600050777 0.34999999404 2.58499994874 0.34999999404 0.861999988556 24.1700000763 43.4879989624 38.5050010681 539.721984863 213.835006714 0 0 2.62599992752 7.12300014496 0 646.753997803 
9.96876675313 -49.486 2420.192 2184.44 3182.463 16.995 -26.997 -112.383 -2.782465 -4.7 -4.7 -49.485 3231.948 16.995001 33.167 0 16.995 14.505 30.677 16.172 43.992 2.49 77.05 -60.055 0 -104.047 21 3.834 24.04 356.345 595.271 1864.94 319.5 209.993 105.186 0 142.284 14.753 2072.709 
3.61536 -1.79 1449.248 1084.847 1536.176 16.885 -2.445 -5.945 -0.35 -1.05 -1.05 -1.79 1537.966 0 21.501 0 0 12.54 17.156 4.616 19.33 0 3.5 13.385 0 -5.945 0 0 41.393 250.305 59.866 911.495 173.352 0 0 0 37.645 0 1160.882 
23.5014864 117.191 1765.752 1106.487 2221.183 19.721 -3.73 -18.813 -0.38 7.4 9 117.191 2103.992 8.092 25.802 0 0 16.463 22.544 6.081 23.451 0 4.731 14.99 11.629 -20.09 11.629 -1.277 14.043 248.871 770.31 966.676 139.811 0 0 0 43.425 0 1733.799 
2.72890070438 18.9454865456 325.684631348 246.793075562 394.798187256 1.741636049 -0.152390945703 -5.67216014862 -2.09999990463 8.38000011444 10.1999998093 18.9454865456 375.85272646 0 5.59382677078 0 0 1.44443404675 5.29662501812 3.85219097137 1.89402699471 0 5.03799915314 -3.29636310413 0 -5.19039011002 0.000261999986833 0.481770008802 2.1181769371 21.4521160126 84.9948582649 0 0 0 0 0 8.00462818146 0 315.96673584 
21.40031088 -56.932 2715.691 2723.261 3366.665 37.539 -10.579 -57.158 -1.87 1.2 1.2 -42.491 3409.156 35.312 76.189 0 0 14.267 52.917 38.65 48.118 0 45.431 -7.892 2.227 -58.237 2.227 -1.079 192.115 5.187 369.113 2249.261 474 0 0 0 148.18 6.131 2373.383 
