32221.7952 21112 166091 167961 966210 -2116 -7666 -4891 -4.66 7.64 12.27 34778 931432 -2116 6056 -0.162 0 -637 7535 8172 5550 0 0 -2116 445 -8111 445 -3477 31211 0 0 0 0 0 0 0 693 24305 0 
33312.109052 21395 90569 40627 691063 4390 1230 870 1.54 0 0 22490 668573 4390 14812 -3.578 0 714 11136 10422 3160 0 0 4390 0 1230 0 344 7286 0 0 0 0 0 0 0 0 5524 0 
5352.5563982 4781.41 19376.544 21664.129 36569.082 134.686 64.523 39.136 0.079225 11.74 28.75 4781.41 31787.672 134.686 315.857 -0.003 134.686 87.181 268.352 181.171 70.163 47.505 0 134.686 0 64.523 0.671 25.387 122.484 6163.082 8206.25 102.5 21444.924 176.681 21268.243 116.705 235.317 1708.736 18711.444 
59.6191872025 282.565002441 7592.45996094 4053 8353.48828125 -4.58799940348 -26.5359993577 -316.785003662 -5.90000009537 6.19999980927 12.3000001907 282.565002441 8070.92296183 2.622 74.2030029297 0 0 -6.96799945831 71.8230009079 78.7910003662 21.9479999542 0 360 -364.587999403 0 -386.536010742 0 -69.7509994507 67.6330032349 2171.95410156 1636.85302734 4040 13 0 0 0 269.356994629 0 7384.42700195 
18.75255294 221.883 4220.817 3372.129 4885.858 47.198 -1.342 -10.724 -0.194088 5.81 8.53 221.883 4663.975 47.198002 77.959 0 47.198 18.664 49.425 30.761 48.54 28.534 17 30.198 0 -18.342 9.7 -7.618 86.722 230.538 954.452 2614.347 746.354 0 414.677 11.428 161.65 171.116 3623.5 
14.23564075 -163.697 2025.025 1768.416 2367.583 22.323 -13.19 -17.525 -0.891694 7.71 9.02 -59.864 2427.447 0 30.219 0 22.323 14.82 22.716 7.896 35.513 7.503 0.83 21.493 0 -14.02 -2.19 0 30.237 198.299 292.417 791.994 958.364 233.996 546.699 18.058 79.815 89.848 1736.489 
246.059658051 767.308013916 7181.02294922 12609.6621094 14425.2578125 81.6270040423 26.6030057818 -25.6549997032 -0.709999978542 8.10000038147 15.6999998093 776.439013481 13648.818779 80.777 246.712997437 0 0 74.1590042114 239.245002747 165.085998535 55.0239982605 0 65 16.6270040423 0.850000023842 -39.246999383 0.850000023842 -13.7430000305 50.7150001526 22.9890003204 1439.40905762 1300.15197754 11309.5097656 0 0 0 117.657997131 46.0989990234 6829.80004883 
2.35887395 -138.967 1543.868 1206.667 1618.252 19.945 -1.615 -1.55 -0.04 -11.69 -11.69 -144.116 1762.368 0 22.795 0 19.945 15.402 18.252 2.85 21.56 4.543 0.013 19.932 0.21 -1.838 0 -0.156 56.582 270.265 28.973 941.491 263.017 0 253.693 2.159 63.455 0 1220.457 
80.2616639709 64.626001358 1798.85803223 1978.52404785 2357.94604492 20.3429991268 3.03599992022 -13.8959998488 -1.02999997139 5.17999982834 9.03999996185 96.2410011292 2261.70502281 20.343 42.6129989624 0 0 19.881999135 42.1519995928 22.2700004578 17.3069992065 0 26.8999996185 -6.55700049177 3.86800003052 -27.732000351 3.86800003052 -14.4799995422 35.4519996643 0 261.478996277 1800.35302734 178.100006104 0 0 0.0710000023246 48.2220001221 0 1495.97198486 
10.10716044 -9.737 1310.021 1147.079 1476.076 10.679 -3.947 -48.208 -3.76 -0.86 -0.86 -5.766 1481.842 0 18.555 0 0 8.028 15.904 7.876 14.626 0 43.077 -32.398 0 -47.024 0 1.184 8.839 172.01 137.016 931.224 172.16 0 0 43.695 46.147 0 0 
421.98627223 354.062 2401.378 3927.389 4852.8 28.693 12.168 6.2 0.26 7.59 11.17 440.312 4412.488 28.693001 84.533 0 0 22.146 77.986 55.84 16.525 0 0.615 28.078 0 11.553 0 3.736 79.464 0 520.996 1777.539 2149.85 0 0 0 11.958 0 2244.979 
3.26436192 13.222 422.586 357.632 503.976 4.923 -0.002 -1.975 -0.06 15.64 16.93 64.222 439.754 0 5.942 0 0 5.002 6.021 1.019 4.925 0 2.003 2.92 0.372 -2.377 1.23 0 44.828 0 102.684 283.065 74.567 0 0 0 16.128 0.529 363.702 
41.955264 62.176592 668.634941 728.987841 1097.096977 8.104745 0.845612 -2.750594 -0.35 9.23 10.53 62.176592 1034.920385 8.105 16.309702 0 0 5.288704 13.493661 8.204957 7.259133 0 5.835 2.269745 0 -4.989388 0 -2.238794 2.718451 39.902116 289.891234 472.288308 256.699533 0 0 0 11.839493 9.827519 655.679094 
38.4178495407 28.3379993439 398.217010498 375.283996582 469.570007324 3.14400018658 -0.221999750473 -0.441000014544 -0.119999997318 9.60000038147 10.9899997711 28.3379993439 441.232009888 3.144 7.80900001526 -0.43 0 2.69800019264 7.3630001545 4.66499996185 3.36599993706 0 0.792999982834 2.35100020375 0 -1.01499998569 0 -0.574000000954 5.40299987793 3.90700006485 70.3890023232 0 0 0 0 0 6.21600008011 0 369.01499176 
2.49061414719 1.83299827576 24.0960006714 22.3360004425 32.3510017395 0.676999995019 -0.420000007842 1.21899998188 -0.0299999993294 32.5999984741 33.7999992371 1.83299827576 30.5180006027 0 1.00199997425 0 0 0.513999998569 0.838999986649 0.324999988079 1.09700000286 0 -0.097999997437 0.774999992456 -1.54100000858 1.21900001168 -1.54100000858 0 6.6779999733 1.625 0 9.34300041199 12.9790000916 0 0 0.0140000004321 1.06099998951 0.375 20.080999732 
110.4048736 453.97 4971.557 12894.033 8521.169 67.282 -6.588 -12.765 -2.01814 11.2 12.5 806.052 7715.117 0 101.183 0 66.621 50.531 84.432 33.901 73.87 16.09 5.536 61.746 0 -12.124 -0.661 -1.774 592.95 0 468.279 3117.113 3071.532 0 3050.155 6705.388 112.467 0 0 
19.05596 147.393 2207.203 2303.108 2481.345 18.053 1.563 -3.237 -0.27 8.07 11.34 147.393 2333.952 0 30.314 0 0 15.952 28.213 12.261 16.49 0 7.5 10.553 0 -5.937 0 -2.7 24.721 69.379 33.723 906.175 1395.373 0 0 1.56 68.264 0 1738.291 
86.6527983093 144.364997864 1541.00305176 1501.84594727 2104.08911133 24.3489996791 4.58499974012 2.30900001526 0.209999993443 8.60999965668 10.4600000381 144.364997864 1959.72403812 24.349001 37.513999939 0 0 19.7609996796 32.9259996414 13.1649999619 19.763999939 0 1.40699994564 22.9419997334 0 3.1779999733 0 0.869000017643 69.3300018311 15.7749996185 367.464996338 1401.12402344 100.722000122 0 0 0 36.2999992371 0 1262.565979 
47.531348114 149.455005646 644.518005371 987.440002441 1454.54296875 8.01900088415 3.79200064763 1.81700003147 0.119999997318 15.5500001907 16.8199996948 149.455005646 1305.08802032 0 23.6089992523 0 0 7.33000087738 22.92000103 15.5900001526 4.22700023651 0 0.723999977112 7.29500090703 0 3.0680000782 0.792999982834 1.25100004673 28.8439998627 0 418.23298645 956.885986328 30.5540008545 0 0 0 22.5760002136 39.9739990234 642.991018295 
307.364249611 346.799003601 2721.93701172 2038.69604492 4142.00488281 29.7389988899 -40.661002636 -31.436000824 -0.589999973774 6.76999998093 10.7899999619 347.437003613 3794.56799316 29.74 68.6959991455 0 0 23.7969989777 62.7539997101 38.9570007324 70.4000015259 0 1.01900005341 28.7199988365 6.35799980164 -48.0380001068 6.35799980164 -16.6019992828 72.8069992065 22.9479999542 1592.59599304 0 1600.23400879 0 0 438.462005615 27.3710002899 62.5830001831 2461.5279541 
11827.5811577 21192 181926 244386 327913 3412 1021 -1875 -0.32 0 12.34 28503 299410 3412 6241 0 0 2047 4876 2829 2391 0 1534 1878 1775 -2288 1775 -486 9560 1877 39062 45383 199003 0 0 0 2571 0 120110 
4.92643908 205.631 4828.699 6441.421 6839.076 48.173 21.61 -53.39 -3.9 5.1 10.36 205.631 6633.445 48.173 98.465 0 48.173 40.071 90.363 50.292 26.563 8.102 75 -26.827 0 -53.39 0 0 87.786 0 415.217 2193.054 4248.367 0 4215.993 0 303.593 266.04 0 
8.74833 -2.438 817.811 613.693 904.011 7.439 -0.626 1.255 0.07 -0.7 -0.7 -5.316 909.327 0 11.653 0 0 5.239 9.453 4.214 8.065 0 -0.963 8.402 0.202 0.135 0.202 0.002 10.268 102.457 120.883 369.434 244.259 0 0 0 24.142 1.76 694.895 
46.7493383884 48.6299991608 656.594970703 578.54498291 847.521972656 8.38699996471 1.64499986172 -6.41200017929 -0.119999997318 8.17000007629 10.3000001907 48.6299991608 798.891966343 8.387 14.8579998016 0 0 6.41199994087 12.8830001354 6.47100019455 6.742000103 0 2.57399988174 5.81300008297 5.992000103 -6.92100012302 5.992000103 -0.509000003338 15.8660001755 39.5359992981 162.982000351 494.666992188 82.9970016479 0 0 0.880999982357 8.26099967957 11.7189998627 482.165992737 
47.0159579 208.108 2466.77 2702.778 3259.123 39.712 14.411 -0.497 -0.03 8.72 13.14 277.581 2981.542 39.712002 52.111 0 39.712 27.662 40.061 12.399 25.301 12.05 14 25.712 0 0.411 0 -0.182 29.805 55.857 318.566 1317.047 1103.87 331.14 749.427 281.861 52.473 19.274 2214.761 
1590.47816832 2388.957 18492.933 15168.356 26262.571 212.389 50.234 -71.21 -0.35 10 14.18 2682.015 23580.556 212.389008 382.057 0 0 166.749 336.417 169.668 162.155 0 159.399 52.99 0.284 -109.449 0.284 -43.575 1328.493 1501.35 5886.232 12125.905 3042.451 0 0 0 285 240.336 15648.962 
188.23967552 124.387 3198.095 3845.718 4102.452 17.797 -12.089 -203.706 -9.02 8.72 11.21 124.387 3978.065 17.797001 54.33 0 0 21.98 58.513 36.533 29.886 0 231.837 -214.04 0 -243.926 0 -40.22 47.357 0 167.217 2060.881 1784.837 0 0 0 144.523 0 2934.167 
8.83690681458 26.3360004425 900.45300293 615.877990723 1057.5090332 7.45900049806 0.639000326395 -4.08300018311 -0.230000004172 6 10 26.3370004426 1031.17200446 0 13.8950004578 0 0 6.00300049782 12.4390003681 6.4359998703 6.82000017166 0 2.40000009537 5.05900040269 2.3220000267 -4.0830000639 2.3220000267 0 26.3059997559 0 339.160007477 542.400024414 71.6780014038 0 0 1.79999995232 19.6779994965 0 773.375976562 
120.355851879 70.4460010529 711.515014648 740.801025391 878.820007324 10.0830001235 3.28600019217 2.01600003242 0.360000014305 9.52999973297 12.9200000763 70.4460010529 808.374014497 0 16.966999054 0 0 8.66800010204 15.5519999266 6.88399982452 6.79699993134 0 0.0710000023246 10.0120001212 0.115000002086 3.09999991208 0.115000002086 1.08399999142 24.5429992676 18.6469993591 41.3660011292 530.499023438 204.434005737 0 0 5.86800003052 6.8220000267 0 613.190002441 
20.96692338 180.238 2555.189 2454.101 3544.13 19.599 -2.851 -42.556 -1.52 0 0 180.239 3363.891 19.599001 38.792 0 19.599 15.942 35.135 19.193 22.45 3.657 37.45 -17.851 0 -40.301 0 0.966 32.278 295.162 643.195 2114.071 340.03 227.966 107.124 0 83.506 191.726 2224.288 
4.82048 11.237 1412.138 1192.136 1557.102 15.75 -3.531 -8.531 -0.5 0.26 0.52 11.237 1545.865 0 21.211 0 0 12.912 18.373 5.461 19.281 0 5 10.75 0 -8.531 0 0 30.03 153.561 61.075 1003.233 188.903 0 0 0 38.494 0 1118.474 
80.99364072 159.651 2025.418 1184.774 2526.172 18.549 -2.367 -40.625 -0.65 7.7 10.1 159.651 2366.521 18.549 26.496 0 0 16.225 24.172 7.947 20.916 0 14.467 4.082 33.189 -50.023 33.189 -9.398 61.424 524.956 660.344 1041.638 143.136 0 0 0 34.669 0 1993.513 
14.2934746504 25.8669221401 274.94631958 256.865753174 345.658081055 1.50532914698 -0.174168810248 -2.39051699638 -0.810000002384 11.5699996948 12.8400001526 25.8669221401 319.791166782 0 5.32289791107 0 0 1.27755314112 5.09512215853 3.81756901741 1.67949795723 0 3.75321698189 -2.24788783491 0.00699099991471 -3.93437704537 0.00699099991471 -1.54385995865 1.57697594166 15.4009141922 57.1623675823 209.291000366 47.574760437 0 0 0 7.14199590683 0 265.093730927 
38.08529952 96.221 3017.935 3512.048 4914.315 28.187 -9.663 -104.232 -3.41 3.3 6.6 110.662 4803.653 0 82.573 0 0 31.938 86.324 54.386 37.85 0 40.906 -12.719 5.715 -114.919 5.715 42.233 233.698 26.023 960.722 2964.189 547.859 0 0 0 137.015 7.605 2698.078 
