43778.736 29750 159388 194315 875780 16 -8212 -7471 -5.54 8.73 14.24 38355 837425 16 7846 -0.162 0 1189 9019 7830 8228 0 0 16 39 -8251 39 -3131 36406 0 0 0 0 0 0 0 949 24376 0 
28115.075208 21839 101664 49213 786035 3507 663 465 0.81 0 0 24832 761203 3507 12370 -3.578 0 772 9635 8863 2844 0 0 3507 0 663 0 174 7564 0 0 0 0 0 0 0 0 5149 0 
5543.52059672 4780.891 18909.021 20900.921 36129.29 84.368 9.61 5.898 0.010704 0 31.25 4780.891 31348.399 84.368 259.669 -0.003 84.368 75.628 250.929 175.301 74.758 8.74 0 84.368 0 9.61 0.543 3.72 114.521 6058.095 8614.915 126.553 20661.617 170.339 20491.278 112.751 230.489 1708.295 18230.896 
14.5021536 -8.922 7157.467 4159.879 7689.757 -3.132 -91.318 -284.976 -5.31 -0.1 -0.1 -8.922 7698.679 0 63.04 0 -3.132 -6.381 59.791 66.172 88.186 3.249 193.25 -196.382 0 -284.568 0 0.408 55.149 1028.085 2022.855 4147 12.879 0 12.879 0 338.622 0 6960.431 
36.9112032 67.083 3878.91 3134.44 4357.519 34.695 -4.04 -156.395 -6.81 2.93 5.87 67.083 4290.436 34.695 62.237 0 34.695 17.988 45.53 27.542 38.735 16.707 60.254 -25.559 0 -64.294 0 92.101 69.521 276.211 737.864 2357.397 680.923 0 379.617 96.12 162.49 165.791 3342.991 
11.898446 -177.085 2001.913 1722.82 2344.469 22.269 -5.106 -8.945 -0.459486 7.9 9.21 -71.389 2415.858 0 30.028 0 22.269 13.417 21.176 7.759 27.375 8.852 0.275 21.994 0 -5.381 -1.258 0 31.327 210.212 314.595 762.872 940.243 0 547.48 19.705 75.872 89.848 1735.837 
178.578853111 699.560012817 6991.34912109 12532.3916016 14344.2666016 53.5599999428 -3.60600042343 -65.9319982231 -1.37999999523 7.80000019073 14.6000003815 708.691012383 13635.5759583 53.560001 203.863998413 0 0 71.763999939 222.068000793 150.304000854 57.1660003662 0 98 -44.4400000572 0 -101.606002808 26.8770008087 -35.8250007629 78.8639984131 83.5410003662 1341.79898071 1296.94104004 11235.4511719 0 0 0 202.315002441 46.0989990234 6599.76123047 
3.500085715 -134.868 1335.9 1053.952 1402.715 17.292 -3.545 -2.467 -0.06 -13.64 -13.64 -145.547 1548.262 0 19.719 0 17.292 13.322 15.749 2.427 20.837 3.97 -0.571 17.863 1.08 -4.054 0 -1.547 31.825 241.182 25.901 824.553 226.911 0 218.026 2.488 58.682 0 1064.401 
37.3750953484 -2.09999847412 1945.29504395 1892.94702148 2364.48388672 17.8010005876 0.239000312984 -67.9469985962 -6.53000020981 1.26999998093 2.53999996185 29.515001297 2334.96903229 17.801001 37.8860015869 0 0 17.2550005913 37.3399996758 20.0849990845 17.5620002747 0 40.5 -22.6989994124 7.41599988937 -47.6770014763 7.41599988937 20.2700004578 205.270996094 0 215.518995285 1737.8470459 155.042007446 0 0 0.0579999983311 52.1749992371 0 1711.59100342 
1.03327184 0.586 0 0 4.827 0 0 10.235 -0.06 0 0 4.557 0.27 0 0 0 0 0 0 0 0.746 0 0 0 0 -0.746 0 0 0.479 0 0 0 0 0 0 0 0 0 0 
377.64795 383.285 2783.918 4137.509 5545.765 33.572 14.034 7.101 0.3 7.49 10.65 469.535 5076.23 33.571999 89.334 0 0 25.671 81.433 55.762 19.538 0 0.907 32.665 0 13.127 0 4.409 189.905 0 743.772 1963.84 2173.669 0 0 0 15.64 0 2486.504 
7.2541376 5.201 422.537 348.386 502.104 4.92 0.344 -0.111 0.01 16.2 17.49 65.201 436.903 0 5.843 0 0 4.846 5.769 0.923 4.576 0 0.073 4.847 0.382 -0.111 0.382 0 58.908 0 95.287 274.495 73.891 0 0 0 16.092 0.529 365.013 
13.548054 60.124755 662.728385 700.096342 1083.304953 6.06076 -0.196015 -3.770972 -0.49 9.15 10.71 60.124755 1023.180198 5.978 14.557357 0 0 4.149862 12.646459 8.496597 6.256775 0 6.21 -0.14924 0 -6.406015 0 -2.635043 13.113456 31.530104 293.402195 641.953434 58.142908 0 0 0 10.821341 9.827519 654.193749 
28.8133871555 27.0160000324 408.118988037 389.342987061 496.037994385 2.8719999548 -0.661000037566 -0.598999977112 -0.159999996424 9 10.4300003052 27.0160000324 469.021987438 2.872 7.23000001907 -0.43 0 2.42899996042 6.78699976206 4.35799980164 3.53299999237 0 0.375 2.4969999548 0 -1.03600001335 0 -0.437000006437 8.38000011444 12.3830003738 68.4229996204 0 0 0 0 0 5.91499996185 0 379.703994751 
1.47172654152 1.66599845886 24.0900001526 16.3379993439 32.2519989014 0.43400000874 -0.490000016056 -0.166999995708 -0.0399999991059 39.5 40.7999992371 1.66599845886 30.5859999657 0 0.746999979019 0 0 0.291000009514 0.604000003077 0.312999993563 0.924000024796 0 0 0.43400000874 -0.323000013828 -0.166999995708 -0.323000013828 0 10.7589998245 3.125 0 5.35699987411 10.9809999466 0 0 0 0.621999979019 0.375 20.0379998684 
126.89909568 444.987 4979.846 6751.234 8569.543 76.278 7.891 -9.904 -1.445435 10.72 12.07 797.069 7772.474 0 110.283 0 76.734 57.629 91.634 34.005 68.387 19.105 16.395 59.883 0 -8.504 0.456 -1.015 547.668 0 496.824 3325.725 3023.202 0 3003.471 402.307 113.3 0 0 
15.03172 129.738 2010.599 2198.676 2379.993 17.856 -0.026 -17.783 -1.5 7.41 11.02 129.738 2250.255 0 28.267 0 0 15.678 26.089 10.411 17.882 0 31.116 -13.26 0 -31.142 0 -13.359 24.065 32.716 34.361 1636.463 561.02 0 0 1.193 42.101 0 1558.206 
41.0998722076 129.472003937 1602.79797363 1350.29602051 2079.4050293 23.3929995 -5.70300117135 -12.0039997101 -0.910000026226 7.44999980927 9.56000041962 129.472003937 1949.93296242 21.829 34.047000885 0 0 19.4489994049 30.1029996872 10.6540002823 29.0960006714 0 13.9200000763 9.47299942374 3.31500005722 -22.9379992485 3.31500005722 -10.9340000153 64.7220001221 71.0550003052 429.699005127 1298.22302246 52.0730018616 0 0 0 29.8099994659 0 1330.52099609 
31.5623181152 147.442001343 641.559997559 946.692016602 1372.55700684 8.00799974799 5.59199985862 0.773999989033 0.0500000007451 15.9899997711 17.25 147.442001343 1225.11501217 0 21.343000412 0 0 7.54299974442 20.8779997826 13.3350000381 2.41599988937 0 4.03700017929 3.9709995687 0.233999997377 1.32099995017 0.233999997377 0.54699999094 16.3630008698 0 380.948989868 921.893981934 24.7980003357 0 0 0 21.5289993286 39.9739990234 640.760028362 
280.700069046 290.597991943 2728.31591797 1937.24694824 3849.40795898 29.4959996492 -33.4610010833 -73.28099823 -0.509999990463 6.38000011444 10.1300001144 291.506991923 3557.90090942 29.5 67.0739974976 0 0 21.0729994774 58.6509985924 37.577999115 62.9570007324 0 2.40700006485 27.0889995843 66.2070007324 -102.075000763 66.2070007324 -28.7940006256 347.980010986 21.9950008392 1235.52799606 0 1500.77404785 0 0 436.472991943 26.4769992828 62.2620010376 2453.44799805 
9090.8819494 19057 188049 242814 319668 3744 1592 -1203 -1.4 0 12.21 26363 293305 3744 6160 0 0 2175 4591 2416 2152 0 3511 233 0 -1919 0 -856 10089 2527 34544 46641 196173 0 0 0 4714 0 156138 
5.20013014 157.217 4641.746 6129.234 6367.188 44.276 16.962 -46.038 -3.227443 4.79 9.63 157.217 6209.971 0 89.472 0 44.276 29.97 75.166 45.196 27.314 14.306 63 -18.724 0 -46.038 3 0 202.548 0 115.15 2107.005 4022.229 0 3991.136 0 271.865 266.04 0 
7.1736306 -7.038 801.577 598.242 888.989 7.601 -0.731 -2.009 -0.23 -1.5 -1.5 -7.038 896.027 0 11.519 0 0 5.218 9.136 3.918 8.332 0 1.176 6.425 -0.003 -1.904 -0.003 0.094 10.046 109.34 114.225 360.858 237.384 0 0 0 20.435 1.76 683.353 
20.2820206547 38.8990001678 604.591003418 577.231018066 807.341003418 8.4090000391 1.12400019169 -7.02400016785 -0.939999997616 7.69999980927 10.2600002289 38.8990001678 768.44200325 8.409 14.0690002441 0 0 6.18000006676 11.8399999142 5.65999984741 7.28499984741 0 4.11999988556 4.28900015354 5.61299991608 -8.60899996758 5.61299991608 -1.58500003815 17.3729991913 0.136000007391 164.334007263 490.694000244 85.7419967651 0 0 0.795000016689 12.0129995346 11.7189998627 435.3150177 
67.7233473 195.211 2497.257 2699.051 3208.628 41.329 14.707 -14.11 -0.85 8.67000007629 13.029999733 264.864 2943.764 41.328999 52.487 0 41.329 27.107 38.265 11.158 26.622 14.222 31.1 10.229 0 -16.393 0 -3.375 30.907 25.159 290.088 1297.087 1071.396 324.594 725.946 330.568 52.554 19.274 2234.863 
419.05532916 1344.978 18673.265 14530.018 25816.306 185.502 -34.776 -825.103 -1.45 8.58 12.88 1638.036 24178.27 185.501999 362.919 0 0 140.716 318.133 177.417 220.278 0 455 -269.498 534.4 -1024.176 534.4 -204.409 482.755 3098.262 5585.628 11571.401 2958.617 0 0 0 325 240.336 15856.566 
24.43495788 106.479 2598.777 3643.252 4109.616 26.157 -6.874 -17.996 -0.79 5.59 8.35 106.479 4003.137 25.961 56.641 0 0 23.552 54.036 30.484 33.031 0 10.931 15.226 0.196 -18.001 0.196 -0.005 339.467 0 126.139 1862.548 1780.704 0 0 0 126.501 0 2366.677 
115.924127091 71.7129974365 728.273986816 754.562988281 900.710998535 10.250999711 3.64199950499 2.35100007057 0.40000000596 9.5 13.2700004578 71.7129974365 828.997985244 0 17.6009998322 0 0 8.70699965954 16.0569995642 7.34999990463 6.60900020599 0 0.287999987602 9.96299972339 0 3.35400009155 0 1.00300002098 25.1499996185 26.9139995575 40.0940012932 547.674987793 200.891998291 0 0 5.99599981308 7.11899995804 0 631.629013062 
10.12366044 56.475 2570.111 2320.319 3435.545 17.607 -20.93 -121.014 -3.980438 0.2 0.4 56.476 3379.069 101.584999 35.28 0 17.607 14.772 32.445 17.673 38.537 2.835 98.75 -81.143 0 -119.68 14 -0.021 27.644 414.466 609.126 1991.119 329.2 219.183 105.147 0 128.8 14.753 2220.315 
3.4432 3.545 1392.532 1133.499 1484.448 17.075 -3.887 -7.887 -0.46 -0.53 -0.53 3.545 1480.903 0 22.052 0 0 12.784 17.761 4.977 20.962 0 4 13.075 0 -7.887 0 0 35.136 154.21 60.577 952.88 180.619 0 0 0 38.535 0 1110.928 
44.6250416 134.697 2141.509 1140.552 2609.79 18.467 -5.025 -25.047 -0.66 6.6 9.2 134.697 2475.093 18.466999 25.124 0 0 15.804 22.461 6.657 23.492 0 14.223 4.244 5.78 -25.028 5.78 0.019 40.203 625.518 713.543 998.256 142.296 0 0 0 41.614 0 2100.951 
4.07984164715 25.9014242887 355.464080811 254.732849121 432.435089111 1.68642917275 -0.14389488101 -0.554726004601 -0.209999993443 10.5799999237 11.8400001526 25.9014242887 406.533676863 0 5.34279108047 0 0 1.48027217388 5.13663423061 3.65636205673 1.83032405376 0 0.855718970299 0.830710202456 0 -0.99961400032 0 -0.44488799572 3.61632108688 85.9698486328 62.1708607674 0 0 0 0 0 6.07604408264 0 346.636657715 
57.72075465 2.59 3105.608 3331.522 4029.124 19.615 -24.879 -93.833 -3.17 0.8 1.5 17.031 4012.093 19 67.98 0 0 30.106 78.471 48.365 44.494 0 64.002 -44.387 0.105 -88.986 0.105 4.847 271.917 17.204 262.035 2821.03 510.492 0 0 0 155.403 6.424 2756.458 
